12 0.107985 0.213216 0.110708 0.106501
3 0.240774 0.263687 0.143981 0.024380
3 0.735330 0.266039 0.145796 0.024808
4 0.198125 0.173439 0.065941 0.024380
14 0.253781 0.194397 0.086509 0.017536
5 0.236237 0.236741 0.049002 0.024380
6 0.276165 0.224337 0.062311 0.024380
7 0.821234 0.173011 0.126437 0.015825
8 0.808227 0.184132 0.093164 0.015825
11 0.795221 0.212789 0.067151 0.019247
9 0.850877 0.212789 0.053842 0.019247
10 0.827284 0.197605 0.149425 0.062447
1 0.748336 0.225620 0.448881 0.197177
0 0.243194 0.209795 0.419843 0.199743