3 0.526613 0.335140 0.182258 0.024529
6 0.612903 0.240160 0.088710 0.018254
5 0.534274 0.258129 0.062097 0.024529
12 0.404032 0.239019 0.117742 0.091272
4 0.510081 0.221050 0.100806 0.024529
7 0.615726 0.723902 0.179839 0.015973
11 0.550000 0.731603 0.041935 0.014261
9 0.594758 0.732744 0.055645 0.022248
0 0.529032 0.264689 0.398387 0.238448
1 0.524597 0.762407 0.413710 0.257273
2 0.388710 0.859669 0.117742 0.030804
3 0.517742 0.839418 0.143548 0.024529
10 0.618145 0.732173 0.202419 0.030234
2 0.399194 0.681403 0.051613 0.019966