3 0.291465 0.277639 0.144673 0.024106
3 0.729116 0.272860 0.148305 0.024522
12 0.165860 0.215295 0.131961 0.098088
4 0.303269 0.187032 0.150121 0.017456
6 0.390738 0.202203 0.085351 0.024522
5 0.308717 0.218828 0.049637 0.024522
0 0.284504 0.212178 0.444310 0.224023
7 0.827482 0.181629 0.191283 0.015794
8 0.806901 0.190773 0.157385 0.017456
11 0.769370 0.211554 0.067797 0.024106
9 0.826574 0.212594 0.042978 0.024522
2 0.601392 0.298005 0.125303 0.025769
10 0.829298 0.199917 0.194915 0.054863
1 0.741828 0.214672 0.441283 0.224023