3 0.516344 0.215141 0.144068 0.024808
3 0.547821 0.730539 0.158596 0.025663
12 0.385593 0.165954 0.112591 0.107784
4 0.476392 0.124893 0.071429 0.020530
14 0.530872 0.146707 0.088378 0.024808
6 0.545400 0.172797 0.064165 0.023952
5 0.488499 0.186056 0.035109 0.024808
0 0.525424 0.164671 0.418886 0.190761
7 0.686441 0.637297 0.072639 0.023952
8 0.662833 0.648845 0.148910 0.016253
11 0.684625 0.671086 0.076271 0.017964
9 0.611380 0.677074 0.067797 0.023097
10 0.653753 0.658255 0.167070 0.065868
1 0.565375 0.682635 0.440678 0.198460