3 0.504063 0.295221 0.105646 0.024198
3 0.769033 0.298246 0.103507 0.024198
2 0.476048 0.325166 0.058169 0.024803
2 0.738666 0.331518 0.071001 0.026618
12 0.419589 0.153962 0.083832 0.127647
4 0.520744 0.102541 0.109068 0.024803
6 0.527374 0.126437 0.060736 0.024198
5 0.521600 0.150938 0.036356 0.024803
7 0.690761 0.116757 0.090676 0.020569
8 0.706373 0.131276 0.121899 0.020569
11 0.667451 0.177253 0.040633 0.024198
9 0.707656 0.177253 0.032934 0.024198
10 0.707228 0.149728 0.128743 0.084090
0 0.508982 0.180883 0.269461 0.318209
1 0.778229 0.183303 0.269033 0.327889