3 0.262250 0.212147 0.114338 0.024808
3 0.765880 0.209795 0.119782 0.024380
3 0.271022 0.698674 0.124622 0.024380
12 0.134906 0.147990 0.116152 0.093242
4 0.238959 0.125107 0.088324 0.018392
6 0.321234 0.141146 0.072595 0.024808
5 0.279794 0.155902 0.038113 0.024380
12 0.638536 0.144782 0.110708 0.094525
4 0.742589 0.125962 0.090139 0.024380
6 0.826376 0.138152 0.075015 0.022241
5 0.781307 0.155261 0.039322 0.024808
0 0.256806 0.150984 0.422868 0.187340
1 0.760738 0.149701 0.407139 0.192472
7 0.347247 0.612275 0.176649 0.015825
8 0.356624 0.623396 0.185723 0.015825
11 0.301270 0.665740 0.071385 0.021814
9 0.364791 0.667451 0.052027 0.024380
10 0.350575 0.641146 0.194192 0.078700
1 0.268300 0.638152 0.393829 0.204448